20.602        21.688        22.730        23.760        98.795 99.240        50.002        49.940        50.040        49.943
2.481
2.510         4.466
3.113         4.966         7.371
3.488         5.722         7.933        10.318
12.482        19.497        25.238        30.622       405.091
 6.379         9.411        11.363        14.389       179.383 245.697
 0.151         0.011         0.118         0.036        -1.045 0.308         0.945
-0.014         0.335         0.049         0.018         0.594 0.115         0.083         1.114
-0.012         0.100         0.412         0.075        -0.318 0.226        -0.013         0.078         0.926
-0.015        -0.163        -0.221        -0.051        -0.420 0.493         0.028         0.032         0.057         1.002
