 21.571        20.783        26.230        34.839        34.348 37.298        36.149        38.360        33.994        36.832
106.784
 45.600        45.996
108.187        59.800       150.566
 63.987        46.933        85.344        82.611
107.431        62.445       135.201        86.432       160.678
111.741        67.378       145.206        91.067       159.139 184.723
106.858        60.864       135.391        82.993       152.048 161.662       165.528
111.087        65.098       144.473        93.684       158.124 178.792       163.165       192.194
110.279        61.861       135.701        86.280       149.752 157.546       152.876       158.890       169.419
109.246        67.576       142.514        91.541       154.527 174.275       159.188       175.436       160.043       184.540
